function dirs = dsm10()
dirs = [0.997, 0.047, -0.063;
            0.479, 0.842, 0.248;
           -0.299, 0.549, 0.780;
            0.716, -0.698, 0.028;
            0.001, -0.864, 0.504; 
           -0.805, -0.230, 0.547;
           -0.026, -0.191, 0.981;
           -0.003, 0.997, 0.071;
            0.235, 0.058, 0.970;
            0.897, 0.014, 0.441];
       