function dirs = dsm20()
dirs = [0.999 -0.013 0.044
0.139 0.989 0.048
-0.273 0.292 0.917
0.905 -0.421 -0.049
0.063 -0.201 0.977
-0.853 -0.268 0.449
0.959 -0.054 0.277
-0.241 0.961 0.137
0.875 0.217 0.433
-0.043 -0.923 0.382
-0.025 -0.897 -0.442
-0.224 -0.332 -0.916
-0.282 -0.639 0.716
-0.589 0.807 -0.043
-0.342 -0.047 -0.938
-0.858 -0.512 0.049
0.796 -0.205 -0.569
0.226 -0.060 -0.972
-0.342 -0.928 -0.151
-0.383 0.586 -0.714];