function dirs = dsm30()
dirs = [0.995 0.079 0.068
0.029 0.995 0.097
-0.128 0.533 0.836
0.978 -0.196 0.068
-0.085 -0.632 0.770
-0.887 -0.255 0.385
0.541 0.486 0.687
0.443 0.889 0.121
0.971 0.203 0.125
0.459 -0.887 0.051
0.389 -0.912 -0.132
0.602 -0.510 -0.614
-0.287 -0.417 0.863
-0.807 0.566 0.166
-0.162 -0.209 -0.964
-0.328 -0.917 0.226
0.552 0.019 -0.834
0.320 -0.046 -0.946
-0.037 -0.982 -0.185
-0.657 0.293 -0.695
0.362 0.820 0.443
-0.686 0.164 -0.709
0.977 -0.171 0.129
-0.014 0.229 0.973
-0.110 0.260 -0.959
0.192 -0.921 0.340
0.988 0.053 -0.146
0.193 -0.077 0.978
0.005 0.961 -0.275
0.873 0.459 -0.166];