function dirs = dsm6()
dirs = [0.91, 0.416, 0; ...
       0, 0.91, 0.416; ...
       0.416, 0, 0.91; ...
       0.91, -0.416, 0; ...
       0, 0.91, -0.416; ...
       -0.416, 0, 0.91];
